0.100000 0.003328
0.200000 0.013245
0.300000 0.029552
0.400000 0.051922
0.500000 0.079904
0.600000 0.112928
0.700000 0.150317
0.800000 0.191295
0.900000 0.234998
1.000000 0.280490
1.100000 0.326776
1.200000 0.372816
1.300000 0.417542
1.400000 0.459877
1.500000 0.498747
1.600000 0.533106
1.700000 0.561943
1.800000 0.584309
1.900000 0.599323
2.000000 0.606198
2.100000 0.604247
2.200000 0.592897
2.300000 0.571707
2.400000 0.540371
2.500000 0.498727
2.600000 0.446768
2.700000 0.384642
2.800000 0.312656
2.900000 0.231274
3.000000 0.141120
3.100000 0.042967
3.200000 -0.062266
3.300000 -0.173520
3.400000 -0.289613
3.500000 -0.409247
3.600000 -0.531025
3.700000 -0.653465
3.800000 -0.775020
3.900000 -0.894096
4.000000 -1.009070
4.100000 -1.118312
4.200000 -1.220206
4.300000 -1.313171
4.400000 -1.395683
4.500000 -1.466295
4.600000 -1.523660
4.700000 -1.566546
4.800000 -1.593863
4.900000 -1.604673
5.000000 -1.598207
