0.100000 0.100335
0.200000 0.202710
0.300000 0.309336
0.400000 0.422793
0.500000 0.546302
0.600000 0.684137
0.700000 0.842288
0.800000 1.029639
0.900000 1.260158
1.000000 1.557408
1.100000 1.964760
1.200000 2.572152
1.300000 3.602102
1.400000 5.797884
1.500000 14.101420
1.600000 -34.232533
1.700000 -7.696602
1.800000 -4.286262
1.900000 -2.927098
2.000000 -2.185040
2.100000 -1.709847
2.200000 -1.373823
2.300000 -1.119214
2.400000 -0.916014
2.500000 -0.747022
2.600000 -0.601597
2.700000 -0.472728
2.800000 -0.355530
2.900000 -0.246405
3.000000 -0.142547
3.100000 -0.041617
3.200000 0.058474
3.300000 0.159746
3.400000 0.264317
3.500000 0.374586
3.600000 0.493467
3.700000 0.624733
3.800000 0.773556
3.900000 0.947425
4.000000 1.157821
4.100000 1.423526
4.200000 1.777780
4.300000 2.285848
4.400000 3.096324
4.500000 4.637332
4.600000 8.860175
4.700000 80.712763
4.800000 -11.384871
4.900000 -5.267493
5.000000 -3.380515
